2.062500000000000000e+00 1.125000000000000000e+00 3.062500000000000000e+00 1.187500000000000000e+00 3.562500000000000000e+00 3.500000000000000000e+00 3.687500000000000000e+00 2.562500000000000000e+00
1.818181818181818121e+00 1.090909090909090828e+00 2.272727272727272929e+00 1.454545454545454586e+00 3.727272727272727071e+00 3.181818181818181657e+00 2.727272727272727071e+00 3.090909090909090828e+00
1.578947368421052655e+00 1.421052631578947345e+00 3.421052631578947345e+00 1.210526315789473673e+00 3.368421052631578760e+00 3.631578947368421240e+00 3.052631578947368585e+00 2.947368421052631415e+00
2.363636363636363757e+00 1.090909090909090828e+00 3.000000000000000000e+00 1.000000000000000000e+00 3.545454545454545414e+00 3.818181818181818343e+00 3.636363636363636243e+00 3.454545454545454586e+00
1.500000000000000000e+00 1.000000000000000000e+00 2.375000000000000000e+00 1.500000000000000000e+00 3.625000000000000000e+00 3.375000000000000000e+00 3.687500000000000000e+00 3.187500000000000000e+00
1.545454545454545414e+00 1.090909090909090828e+00 2.454545454545454586e+00 1.363636363636363535e+00 4.000000000000000000e+00 3.090909090909090828e+00 3.727272727272727071e+00 3.363636363636363757e+00
1.263157894736842035e+00 1.263157894736842035e+00 1.894736842105263053e+00 1.157894736842105310e+00 3.578947368421052655e+00 3.631578947368421240e+00 3.631578947368421240e+00 3.421052631578947345e+00
1.545454545454545414e+00 1.090909090909090828e+00 1.636363636363636465e+00 1.181818181818181879e+00 3.636363636363636243e+00 3.909090909090909172e+00 3.727272727272727071e+00 3.636363636363636243e+00
1.687500000000000000e+00 1.750000000000000000e+00 3.375000000000000000e+00 1.062500000000000000e+00 3.937500000000000000e+00 3.125000000000000000e+00 3.750000000000000000e+00 3.437500000000000000e+00
1.090909090909090828e+00 1.181818181818181879e+00 2.818181818181818343e+00 1.000000000000000000e+00 3.818181818181818343e+00 3.454545454545454586e+00 2.363636363636363757e+00 3.636363636363636243e+00
2.315789473684210620e+00 1.263157894736842035e+00 2.684210526315789380e+00 1.842105263157894690e+00 3.842105263157894690e+00 3.421052631578947345e+00 3.578947368421052655e+00 3.631578947368421240e+00
2.090909090909090828e+00 1.363636363636363535e+00 2.181818181818181657e+00 1.181818181818181879e+00 3.272727272727272929e+00 4.000000000000000000e+00 2.636363636363636243e+00 3.909090909090909172e+00
1.687500000000000000e+00 1.562500000000000000e+00 2.937500000000000000e+00 1.375000000000000000e+00 3.500000000000000000e+00 3.125000000000000000e+00 3.500000000000000000e+00 3.375000000000000000e+00
1.636363636363636465e+00 1.272727272727272707e+00 2.636363636363636243e+00 1.363636363636363535e+00 3.909090909090909172e+00 3.545454545454545414e+00 3.181818181818181657e+00 3.545454545454545414e+00
1.894736842105263053e+00 1.263157894736842035e+00 2.894736842105263275e+00 1.526315789473684292e+00 3.421052631578947345e+00 3.578947368421052655e+00 2.526315789473684070e+00 3.421052631578947345e+00
2.363636363636363757e+00 1.090909090909090828e+00 2.727272727272727071e+00 1.363636363636363535e+00 3.454545454545454586e+00 3.909090909090909172e+00 3.545454545454545414e+00 3.454545454545454586e+00
1.812500000000000000e+00 1.125000000000000000e+00 3.000000000000000000e+00 2.125000000000000000e+00 3.812500000000000000e+00 3.000000000000000000e+00 3.812500000000000000e+00 3.062500000000000000e+00
2.363636363636363757e+00 1.000000000000000000e+00 2.090909090909090828e+00 1.636363636363636465e+00 3.818181818181818343e+00 3.363636363636363757e+00 2.909090909090909172e+00 3.363636363636363757e+00
1.368421052631578982e+00 2.210526315789473895e+00 3.473684210526315930e+00 2.000000000000000000e+00 3.105263157894736725e+00 3.157894736842105310e+00 3.842105263157894690e+00 3.894736842105263275e+00
1.636363636363636465e+00 1.090909090909090828e+00 1.454545454545454586e+00 2.000000000000000000e+00 3.818181818181818343e+00 2.727272727272727071e+00 3.636363636363636243e+00 3.909090909090909172e+00
1.437500000000000000e+00 1.875000000000000000e+00 2.312500000000000000e+00 2.000000000000000000e+00 3.500000000000000000e+00 3.375000000000000000e+00 2.812500000000000000e+00 3.250000000000000000e+00
1.545454545454545414e+00 1.000000000000000000e+00 3.090909090909090828e+00 1.181818181818181879e+00 3.909090909090909172e+00 3.272727272727272929e+00 3.363636363636363757e+00 3.000000000000000000e+00
1.421052631578947345e+00 1.421052631578947345e+00 3.315789473684210620e+00 2.263157894736842035e+00 3.473684210526315930e+00 3.157894736842105310e+00 3.210526315789473895e+00 3.789473684210526105e+00
1.818181818181818121e+00 1.000000000000000000e+00 2.181818181818181657e+00 1.545454545454545414e+00 3.545454545454545414e+00 3.727272727272727071e+00 3.272727272727272929e+00 3.454545454545454586e+00
2.187500000000000000e+00 1.562500000000000000e+00 3.062500000000000000e+00 1.187500000000000000e+00 3.562500000000000000e+00 2.812500000000000000e+00 3.625000000000000000e+00 3.062500000000000000e+00
2.090909090909090828e+00 1.727272727272727293e+00 3.181818181818181657e+00 1.272727272727272707e+00 3.909090909090909172e+00 3.000000000000000000e+00 3.272727272727272929e+00 3.181818181818181657e+00
2.526315789473684070e+00 1.894736842105263053e+00 3.157894736842105310e+00 1.578947368421052655e+00 3.421052631578947345e+00 3.157894736842105310e+00 3.157894736842105310e+00 3.052631578947368585e+00
1.454545454545454586e+00 2.545454545454545414e+00 3.545454545454545414e+00 1.818181818181818121e+00 3.727272727272727071e+00 3.454545454545454586e+00 3.909090909090909172e+00 3.363636363636363757e+00
1.437500000000000000e+00 1.250000000000000000e+00 2.437500000000000000e+00 1.312500000000000000e+00 3.437500000000000000e+00 3.437500000000000000e+00 3.625000000000000000e+00 3.000000000000000000e+00
1.272727272727272707e+00 1.363636363636363535e+00 2.909090909090909172e+00 1.363636363636363535e+00 4.000000000000000000e+00 3.000000000000000000e+00 2.727272727272727071e+00 3.454545454545454586e+00
1.789473684210526327e+00 1.315789473684210620e+00 2.210526315789473895e+00 1.526315789473684292e+00 3.842105263157894690e+00 3.315789473684210620e+00 3.631578947368421240e+00 3.263157894736842035e+00
1.090909090909090828e+00 1.545454545454545414e+00 3.090909090909090828e+00 1.454545454545454586e+00 3.818181818181818343e+00 3.909090909090909172e+00 3.909090909090909172e+00 3.636363636363636243e+00
1.500000000000000000e+00 1.187500000000000000e+00 3.250000000000000000e+00 1.750000000000000000e+00 3.500000000000000000e+00 2.937500000000000000e+00 3.500000000000000000e+00 3.312500000000000000e+00
1.090909090909090828e+00 1.000000000000000000e+00 3.090909090909090828e+00 1.090909090909090828e+00 4.000000000000000000e+00 3.454545454545454586e+00 2.909090909090909172e+00 3.636363636363636243e+00
1.526315789473684292e+00 1.210526315789473673e+00 3.052631578947368585e+00 1.526315789473684292e+00 3.421052631578947345e+00 3.789473684210526105e+00 2.789473684210526105e+00 3.526315789473684070e+00
1.181818181818181879e+00 1.000000000000000000e+00 3.363636363636363757e+00 1.636363636363636465e+00 3.909090909090909172e+00 3.363636363636363757e+00 3.181818181818181657e+00 4.000000000000000000e+00
